5.001100e+03
5.002700e+03
5.004300e+03
5.005900e+03
5.007500e+03
5.009100e+03
5.010700e+03
5.012300e+03
5.013900e+03
5.015500e+03
5.017100e+03
5.018700e+03
5.020300e+03
5.021900e+03
5.023500e+03
5.025100e+03
5.026700e+03
5.028300e+03
5.029900e+03
5.031500e+03
5.033100e+03
5.034700e+03
5.036300e+03
5.037900e+03
5.039500e+03
5.041100e+03
5.042700e+03
5.044300e+03
5.045900e+03
5.047500e+03
5.049100e+03
5.050700e+03
5.052300e+03
5.053900e+03
5.055500e+03
5.057100e+03
5.058700e+03
5.060300e+03
5.061900e+03
5.063500e+03
5.065100e+03
5.066700e+03
5.068400e+03
5.070000e+03
5.071600e+03
5.073200e+03
5.074800e+03
5.076400e+03
5.078000e+03
5.079600e+03
5.081200e+03
5.082800e+03
5.084400e+03
5.086000e+03
5.087700e+03
5.089300e+03
5.090900e+03
5.092500e+03
5.094100e+03
5.095700e+03
5.097300e+03
5.098900e+03
5.100500e+03
5.102200e+03
5.103800e+03
5.105400e+03
5.107000e+03
5.108600e+03
5.110200e+03
5.111800e+03
5.113400e+03
5.115100e+03
5.116700e+03
5.118300e+03
5.119900e+03
5.121500e+03
5.123100e+03
5.124800e+03
5.126400e+03
5.128000e+03
5.129600e+03
5.131200e+03
5.132800e+03
5.134500e+03
5.136100e+03
5.137700e+03
5.139300e+03
5.140900e+03
5.142500e+03
5.144200e+03
5.145800e+03
5.147400e+03
5.149000e+03
5.150600e+03
5.152300e+03
5.153900e+03
5.155500e+03
5.157100e+03
5.158700e+03
5.160400e+03
5.162000e+03
5.163600e+03
5.165200e+03
5.166900e+03
5.168500e+03
5.170100e+03
5.171700e+03
5.173300e+03
5.175000e+03
5.176600e+03
5.178200e+03
5.179800e+03
5.181500e+03
5.183100e+03
5.184700e+03
5.186300e+03
5.188000e+03
5.189600e+03
5.191200e+03
5.192800e+03
5.194500e+03
5.196100e+03
5.197700e+03
5.199400e+03
5.201000e+03
5.202600e+03
5.204200e+03
5.205900e+03
5.207500e+03
5.209100e+03
5.210800e+03
5.212400e+03
5.214000e+03
5.215600e+03
5.217300e+03
5.218900e+03
5.220500e+03
5.222200e+03
5.223800e+03
5.225400e+03
5.227100e+03
5.228700e+03
5.230300e+03
5.232000e+03
5.233600e+03
5.235200e+03
5.236900e+03
5.238500e+03
5.240100e+03
5.241800e+03
5.243400e+03
5.245000e+03
5.246700e+03
5.248300e+03
5.249900e+03
5.251600e+03
5.253200e+03
5.254800e+03
5.256500e+03
5.258100e+03
5.259800e+03
5.261400e+03
5.263000e+03
5.264700e+03
5.266300e+03
5.267900e+03
5.269600e+03
5.271200e+03
5.272900e+03
5.274500e+03
5.276100e+03
5.277800e+03
5.279400e+03
5.281100e+03
5.282700e+03
5.284300e+03
5.286000e+03
5.287600e+03
5.289300e+03
5.290900e+03
5.292500e+03
5.294200e+03
5.295800e+03
5.297500e+03
5.299100e+03
5.300800e+03
5.302400e+03
5.304000e+03
5.305700e+03
5.307300e+03
5.309000e+03
5.310600e+03
5.312300e+03
5.313900e+03
5.315600e+03
5.317200e+03
5.318900e+03
5.320500e+03
5.322100e+03
5.323800e+03
5.325400e+03
5.327100e+03
5.328700e+03
5.330400e+03
5.332000e+03
5.333700e+03
5.335300e+03
5.337000e+03
5.338600e+03
5.340300e+03
5.341900e+03
5.343600e+03
5.345200e+03
5.346900e+03
5.348500e+03
5.350200e+03
5.351800e+03
5.353500e+03
5.355100e+03
5.356800e+03
5.358400e+03
5.360100e+03
5.361700e+03
5.363400e+03
5.365100e+03
5.366700e+03
5.368400e+03
5.370000e+03
5.371700e+03
5.373300e+03
5.375000e+03
5.376600e+03
5.378300e+03
5.379900e+03
5.381600e+03
5.383300e+03
5.384900e+03
5.386600e+03
5.388200e+03
5.389900e+03
5.391500e+03
5.393200e+03
5.394900e+03
5.396500e+03
5.398200e+03
5.399800e+03
5.401500e+03
5.403100e+03
5.404800e+03
5.406500e+03
5.408100e+03
5.409800e+03
5.411400e+03
5.413100e+03
5.414800e+03
5.416400e+03
5.418100e+03
5.419800e+03
5.421400e+03
5.423100e+03
5.424700e+03
5.426400e+03
5.428100e+03
5.429700e+03
5.431400e+03
5.433100e+03
5.434700e+03
5.436400e+03
5.438100e+03
5.439700e+03
5.441400e+03
5.443000e+03
5.444700e+03
5.446400e+03
5.448000e+03
5.449700e+03
5.451400e+03
5.453000e+03
5.454700e+03
5.456400e+03
5.458000e+03
5.459700e+03
5.461400e+03
5.463100e+03
5.464700e+03
5.466400e+03
5.468100e+03
5.469700e+03
5.471400e+03
5.473100e+03
5.474700e+03
5.476400e+03
5.478100e+03
5.479700e+03
5.481400e+03
5.483100e+03
5.484800e+03
5.486400e+03
5.488100e+03
5.489800e+03
5.491500e+03
5.493100e+03
5.494800e+03
5.496500e+03
5.498100e+03
5.499800e+03
5.501500e+03
5.503200e+03
5.504800e+03
5.506500e+03
5.508200e+03
5.509900e+03
5.511500e+03
5.513200e+03
5.514900e+03
5.516600e+03
5.518300e+03
5.519900e+03
5.521600e+03
5.523300e+03
5.525000e+03
5.526600e+03
5.528300e+03
5.530000e+03
5.531700e+03
5.533400e+03
5.535000e+03
5.536700e+03
5.538400e+03
5.540100e+03
5.541800e+03
5.543400e+03
5.545100e+03
5.546800e+03
5.548500e+03
5.550200e+03
5.551800e+03
5.553500e+03
5.555200e+03
5.556900e+03
5.558600e+03
5.560300e+03
5.561900e+03
5.563600e+03
5.565300e+03
5.567000e+03
5.568700e+03
5.570400e+03
5.572000e+03
5.573700e+03
5.575400e+03
5.577100e+03
5.578800e+03
5.580500e+03
5.582200e+03
5.583800e+03
5.585500e+03
5.587200e+03
5.588900e+03
5.590600e+03
5.592300e+03
5.594000e+03
5.595700e+03
5.597300e+03
5.599000e+03
5.600700e+03
5.602400e+03
5.604100e+03
5.605800e+03
5.607500e+03
5.609200e+03
5.610900e+03
5.612600e+03
5.614300e+03
5.615900e+03
5.617600e+03
5.619300e+03
5.621000e+03
5.622700e+03
5.624400e+03
5.626100e+03
5.627800e+03
5.629500e+03
5.631200e+03
5.632900e+03
5.634600e+03
5.636300e+03
5.638000e+03
5.639700e+03
5.641300e+03
5.643000e+03
5.644700e+03
5.646400e+03
5.648100e+03
5.649800e+03
5.651500e+03
5.653200e+03
5.654900e+03
5.656600e+03
5.658300e+03
5.660000e+03
5.661700e+03
5.663400e+03
5.665100e+03
5.666800e+03
5.668500e+03
5.670200e+03
5.671900e+03
5.673600e+03
5.675300e+03
5.677000e+03
5.678700e+03
5.680400e+03
5.682100e+03
5.683800e+03
5.685500e+03
5.687200e+03
5.688900e+03
5.690600e+03
5.692300e+03
5.694000e+03
5.695700e+03
5.697400e+03
5.699100e+03
5.700900e+03
5.702600e+03
5.704300e+03
5.706000e+03
5.707700e+03
5.709400e+03
5.711100e+03
5.712800e+03
5.714500e+03
5.716200e+03
5.717900e+03
5.719600e+03
5.721300e+03
5.723000e+03
5.724700e+03
5.726400e+03
5.728200e+03
5.729900e+03
5.731600e+03
5.733300e+03
5.735000e+03
5.736700e+03
5.738400e+03
5.740100e+03
5.741800e+03
5.743500e+03
5.745300e+03
5.747000e+03
5.748700e+03
5.750400e+03
5.752100e+03
5.753800e+03
5.755500e+03
5.757200e+03
5.759000e+03
5.760700e+03
5.762400e+03
5.764100e+03
5.765800e+03
5.767500e+03
5.769200e+03
5.771000e+03
5.772700e+03
5.774400e+03
5.776100e+03
5.777800e+03
5.779500e+03
5.781200e+03
5.783000e+03
5.784700e+03
5.786400e+03
5.788100e+03
5.789800e+03
5.791600e+03
5.793300e+03
5.795000e+03
5.796700e+03
5.798400e+03
5.800100e+03
5.801900e+03
5.803600e+03
5.805300e+03
5.807000e+03
5.808700e+03
5.810500e+03
5.812200e+03
5.813900e+03
5.815600e+03
5.817400e+03
5.819100e+03
5.820800e+03
5.822500e+03
5.824200e+03
5.826000e+03
5.827700e+03
5.829400e+03
5.831100e+03
5.832900e+03
5.834600e+03
5.836300e+03
5.838000e+03
5.839800e+03
5.841500e+03
5.843200e+03
5.844900e+03
5.846700e+03
5.848400e+03
5.850100e+03
5.851800e+03
5.853600e+03
5.855300e+03
5.857000e+03
5.858700e+03
5.860500e+03
5.862200e+03
5.863900e+03
5.865700e+03
5.867400e+03
5.869100e+03
5.870900e+03
5.872600e+03
5.874300e+03
5.876000e+03
5.877800e+03
5.879500e+03
5.881200e+03
5.883000e+03
5.884700e+03
5.886400e+03
5.888200e+03
5.889900e+03
5.891600e+03
5.893400e+03
5.895100e+03
5.896800e+03
5.898600e+03
5.900300e+03
5.902000e+03
5.903800e+03
5.905500e+03
5.907200e+03
5.909000e+03
5.910700e+03
5.912400e+03
5.914200e+03
5.915900e+03
5.917700e+03
5.919400e+03
5.921100e+03
5.922900e+03
5.924600e+03
5.926300e+03
5.928100e+03
5.929800e+03
5.931600e+03
5.933300e+03
5.935000e+03
5.936800e+03
5.938500e+03
5.940200e+03
5.942000e+03
5.943700e+03
5.945500e+03
5.947200e+03
5.949000e+03
5.950700e+03
5.952400e+03
5.954200e+03
5.955900e+03
5.957700e+03
5.959400e+03
5.961100e+03
5.962900e+03
5.964600e+03
5.966400e+03
5.968100e+03
5.969900e+03
5.971600e+03
5.973400e+03
5.975100e+03
5.976800e+03
5.978600e+03
5.980300e+03
5.982100e+03
5.983800e+03
5.985600e+03
5.987300e+03
5.989100e+03
5.990800e+03
5.992600e+03
5.994300e+03
5.996100e+03
5.997800e+03
5.999600e+03
6.001300e+03
6.003100e+03
6.004800e+03
6.006600e+03
6.008300e+03
6.010100e+03
6.011800e+03
6.013600e+03
6.015300e+03
6.017100e+03
6.018800e+03
6.020600e+03
6.022300e+03
6.024100e+03
6.025800e+03
6.027600e+03
6.029300e+03
6.031100e+03
6.032800e+03
6.034600e+03
6.036300e+03
6.038100e+03
6.039800e+03
6.041600e+03
6.043400e+03
6.045100e+03
6.046900e+03
6.048600e+03
6.050400e+03
6.052100e+03
6.053900e+03
6.055600e+03
6.057400e+03
6.059200e+03
6.060900e+03
6.062700e+03
6.064400e+03
6.066200e+03
6.068000e+03
6.069700e+03
6.071500e+03
6.073200e+03
6.075000e+03
6.076700e+03
6.078500e+03
6.080300e+03
6.082000e+03
6.083800e+03
6.085600e+03
6.087300e+03
6.089100e+03
6.090800e+03
6.092600e+03
6.094400e+03
6.096100e+03
6.097900e+03
6.099700e+03
6.101400e+03
6.103200e+03
6.104900e+03
6.106700e+03
6.108500e+03
6.110200e+03
6.112000e+03
6.113800e+03
6.115500e+03
6.117300e+03
6.119100e+03
6.120800e+03
6.122600e+03
6.124400e+03
6.126100e+03
6.127900e+03
6.129700e+03
6.131400e+03
6.133200e+03
6.135000e+03
6.136700e+03
6.138500e+03
6.140300e+03
6.142000e+03
6.143800e+03
6.145600e+03
6.147400e+03
6.149100e+03
6.150900e+03
6.152700e+03
6.154400e+03
6.156200e+03
6.158000e+03
6.159700e+03
6.161500e+03
6.163300e+03
6.165100e+03
6.166800e+03
6.168600e+03
6.170400e+03
6.172200e+03
6.173900e+03
6.175700e+03
6.177500e+03
6.179300e+03
6.181000e+03
6.182800e+03
6.184600e+03
6.186400e+03
6.188100e+03
6.189900e+03
6.191700e+03
6.193500e+03
6.195200e+03
6.197000e+03
6.198800e+03
6.200600e+03
6.202400e+03
6.204100e+03
6.205900e+03
6.207700e+03
6.209500e+03
6.211200e+03
6.213000e+03
6.214800e+03
6.216600e+03
6.218400e+03
6.220100e+03
6.221900e+03
6.223700e+03
6.225500e+03
6.227300e+03
6.229100e+03
6.230800e+03
6.232600e+03
6.234400e+03
6.236200e+03
6.238000e+03
6.239700e+03
6.241500e+03
6.243300e+03
6.245100e+03
6.246900e+03
6.248700e+03
6.250500e+03
6.252200e+03
6.254000e+03
6.255800e+03
6.257600e+03
6.259400e+03
6.261200e+03
6.263000e+03
6.264700e+03
6.266500e+03
6.268300e+03
6.270100e+03
6.271900e+03
6.273700e+03
6.275500e+03
6.277300e+03
6.279000e+03
6.280800e+03
6.282600e+03
6.284400e+03
6.286200e+03
6.288000e+03
6.289800e+03
6.291600e+03
6.293400e+03
6.295200e+03
6.296900e+03
6.298700e+03
6.300500e+03
6.302300e+03
6.304100e+03
6.305900e+03
6.307700e+03
6.309500e+03
6.311300e+03
6.313100e+03
6.314900e+03
6.316700e+03
6.318500e+03
6.320300e+03
6.322100e+03
6.323900e+03
6.325600e+03
6.327400e+03
6.329200e+03
6.331000e+03
6.332800e+03
6.334600e+03
6.336400e+03
6.338200e+03
6.340000e+03
6.341800e+03
6.343600e+03
6.345400e+03
6.347200e+03
6.349000e+03
6.350800e+03
6.352600e+03
6.354400e+03
6.356200e+03
6.358000e+03
6.359800e+03
6.361600e+03
6.363400e+03
6.365200e+03
6.367000e+03
6.368800e+03
6.370600e+03
6.372400e+03
6.374200e+03
6.376000e+03
6.377800e+03
6.379600e+03
6.381400e+03
6.383200e+03
6.385000e+03
6.386800e+03
6.388700e+03
6.390500e+03
6.392300e+03
6.394100e+03
6.395900e+03
6.397700e+03
6.399500e+03
6.401300e+03
6.403100e+03
6.404900e+03
6.406700e+03
6.408500e+03
6.410300e+03
6.412100e+03
6.413900e+03
6.415800e+03
6.417600e+03
6.419400e+03
6.421200e+03
6.423000e+03
6.424800e+03
6.426600e+03
6.428400e+03
6.430200e+03
6.432000e+03
6.433900e+03
6.435700e+03
6.437500e+03
6.439300e+03
6.441100e+03
6.442900e+03
6.444700e+03
6.446500e+03
6.448300e+03
6.450200e+03
6.452000e+03
6.453800e+03
6.455600e+03
6.457400e+03
6.459200e+03
6.461000e+03
6.462900e+03
6.464700e+03
6.466500e+03
6.468300e+03
6.470100e+03
6.471900e+03
6.473800e+03
6.475600e+03
6.477400e+03
6.479200e+03
6.481000e+03
6.482800e+03
6.484700e+03
6.486500e+03
6.488300e+03
6.490100e+03
6.491900e+03
6.493800e+03
6.495600e+03
6.497400e+03
6.499200e+03
6.501000e+03
6.502900e+03
6.504700e+03
6.506500e+03
6.508300e+03
6.510100e+03
6.512000e+03
6.513800e+03
6.515600e+03
6.517400e+03
6.519300e+03
6.521100e+03
6.522900e+03
6.524700e+03
6.526500e+03
6.528400e+03
6.530200e+03
6.532000e+03
6.533800e+03
6.535700e+03
6.537500e+03
6.539300e+03
6.541100e+03
6.543000e+03
6.544800e+03
6.546600e+03
6.548500e+03
6.550300e+03
6.552100e+03
6.553900e+03
6.555800e+03
6.557600e+03
6.559400e+03
6.561300e+03
6.563100e+03
6.564900e+03
6.566700e+03
6.568600e+03
6.570400e+03
6.572200e+03
6.574100e+03
6.575900e+03
6.577700e+03
6.579600e+03
6.581400e+03
6.583200e+03
6.585000e+03
6.586900e+03
6.588700e+03
6.590500e+03
6.592400e+03
6.594200e+03
6.596000e+03
6.597900e+03
6.599700e+03
6.601500e+03
6.603400e+03
6.605200e+03
6.607100e+03
6.608900e+03
6.610700e+03
6.612600e+03
6.614400e+03
6.616200e+03
6.618100e+03
6.619900e+03
6.621700e+03
6.623600e+03
6.625400e+03
6.627300e+03
6.629100e+03
6.630900e+03
6.632800e+03
6.634600e+03
6.636500e+03
6.638300e+03
6.640100e+03
6.642000e+03
6.643800e+03
6.645700e+03
6.647500e+03
6.649300e+03
6.651200e+03
6.653000e+03
6.654900e+03
6.656700e+03
6.658500e+03
6.660400e+03
6.662200e+03
6.664100e+03
6.665900e+03
6.667800e+03
6.669600e+03
6.671400e+03
6.673300e+03
6.675100e+03
6.677000e+03
6.678800e+03
6.680700e+03
6.682500e+03
6.684400e+03
6.686200e+03
6.688100e+03
6.689900e+03
6.691800e+03
6.693600e+03
6.695400e+03
6.697300e+03
6.699100e+03
6.701000e+03
6.702800e+03
6.704700e+03
6.706500e+03
6.708400e+03
6.710200e+03
6.712100e+03
6.713900e+03
6.715800e+03
6.717600e+03
6.719500e+03
6.721300e+03
6.723200e+03
6.725000e+03
6.726900e+03
6.728700e+03
6.730600e+03
6.732400e+03
6.734300e+03
6.736200e+03
6.738000e+03
6.739900e+03
6.741700e+03
6.743600e+03
6.745400e+03
6.747300e+03
6.749100e+03
6.751000e+03
6.752800e+03
6.754700e+03
6.756600e+03
6.758400e+03
6.760300e+03
6.762100e+03
6.764000e+03
6.765800e+03
6.767700e+03
6.769600e+03
6.771400e+03
6.773300e+03
6.775100e+03
6.777000e+03
6.778800e+03
6.780700e+03
6.782600e+03
6.784400e+03
6.786300e+03
6.788100e+03
6.790000e+03
6.791900e+03
6.793700e+03
6.795600e+03
6.797400e+03
6.799300e+03
6.801200e+03
6.803000e+03
6.804900e+03
6.806800e+03
6.808600e+03
6.810500e+03
6.812400e+03
6.814200e+03
6.816100e+03
6.817900e+03
6.819800e+03
6.821700e+03
6.823500e+03
6.825400e+03
6.827300e+03
6.829100e+03
6.831000e+03
6.832900e+03
6.834700e+03
6.836600e+03
6.838500e+03
6.840300e+03
6.842200e+03
6.844100e+03
6.845900e+03
6.847800e+03
6.849700e+03
6.851500e+03
6.853400e+03
6.855300e+03
6.857200e+03
6.859000e+03
6.860900e+03
6.862800e+03
6.864600e+03
6.866500e+03
6.868400e+03
6.870200e+03
6.872100e+03
6.874000e+03
6.875900e+03
6.877700e+03
6.879600e+03
6.881500e+03
6.883400e+03
6.885200e+03
6.887100e+03
6.889000e+03
6.890900e+03
6.892700e+03
6.894600e+03
6.896500e+03
6.898400e+03
6.900200e+03
6.902100e+03
6.904000e+03
6.905900e+03
6.907700e+03
6.909600e+03
6.911500e+03
6.913400e+03
6.915200e+03
6.917100e+03
6.919000e+03
6.920900e+03
6.922800e+03
6.924600e+03
6.926500e+03
6.928400e+03
6.930300e+03
6.932200e+03
6.934000e+03
6.935900e+03
6.937800e+03
6.939700e+03
6.941600e+03
6.943400e+03
6.945300e+03
6.947200e+03
6.949100e+03
6.951000e+03
6.952800e+03
6.954700e+03
6.956600e+03
6.958500e+03
6.960400e+03
6.962300e+03
6.964100e+03
6.966000e+03
6.967900e+03
6.969800e+03
6.971700e+03
6.973600e+03
6.975500e+03
6.977300e+03
6.979200e+03
6.981100e+03
6.983000e+03
6.984900e+03
6.986800e+03
6.988700e+03
6.990600e+03
6.992400e+03
6.994300e+03
6.996200e+03
6.998100e+03
7.000000e+03
7.001900e+03
7.003800e+03
7.005700e+03
7.007600e+03
7.009400e+03
7.011300e+03
7.013200e+03
7.015100e+03
7.017000e+03
7.018900e+03
7.020800e+03
7.022700e+03
7.024600e+03
7.026500e+03
7.028400e+03
7.030300e+03
7.032200e+03
7.034000e+03
7.035900e+03
7.037800e+03
7.039700e+03
7.041600e+03
7.043500e+03
7.045400e+03
7.047300e+03
7.049200e+03
7.051100e+03
7.053000e+03
7.054900e+03
7.056800e+03
7.058700e+03
7.060600e+03
7.062500e+03
7.064400e+03
7.066300e+03
7.068200e+03
7.070100e+03
7.072000e+03
7.073900e+03
7.075800e+03
7.077700e+03
7.079600e+03
7.081500e+03
7.083400e+03
7.085300e+03
7.087200e+03
7.089100e+03
7.091000e+03
7.092900e+03
7.094800e+03
7.096700e+03
7.098600e+03
7.100500e+03
7.102400e+03
7.104300e+03
7.106200e+03
7.108100e+03
7.110000e+03
7.111900e+03
7.113800e+03
7.115700e+03
7.117600e+03
7.119500e+03
7.121400e+03
7.123300e+03
7.125200e+03
7.127200e+03
7.129100e+03
7.131000e+03
7.132900e+03
7.134800e+03
7.136700e+03
7.138600e+03
7.140500e+03
7.142400e+03
7.144300e+03
7.146200e+03
7.148100e+03
7.150000e+03
7.152000e+03
7.153900e+03
7.155800e+03
7.157700e+03
7.159600e+03
7.161500e+03
7.163400e+03
7.165300e+03
7.167200e+03
7.169200e+03
7.171100e+03
7.173000e+03
7.174900e+03
7.176800e+03
7.178700e+03
7.180600e+03
7.182500e+03
7.184500e+03
7.186400e+03
7.188300e+03
7.190200e+03
7.192100e+03
7.194000e+03
7.195900e+03
7.197900e+03
7.199800e+03
7.201700e+03
7.203600e+03
7.205500e+03
7.207400e+03
7.209400e+03
7.211300e+03
7.213200e+03
7.215100e+03
7.217000e+03
7.219000e+03
7.220900e+03
7.222800e+03
7.224700e+03
7.226600e+03
7.228500e+03
7.230500e+03
7.232400e+03
7.234300e+03
7.236200e+03
7.238200e+03
7.240100e+03
7.242000e+03
7.243900e+03
7.245800e+03
7.247800e+03
7.249700e+03
7.251600e+03
7.253500e+03
7.255500e+03
7.257400e+03
7.259300e+03
7.261200e+03
7.263100e+03
7.265100e+03
7.267000e+03
7.268900e+03
7.270800e+03
7.272800e+03
7.274700e+03
7.276600e+03
7.278600e+03
7.280500e+03
7.282400e+03
7.284300e+03
7.286300e+03
7.288200e+03
7.290100e+03
7.292000e+03
7.294000e+03
7.295900e+03
7.297800e+03
7.299800e+03
7.301700e+03
7.303600e+03
7.305500e+03
7.307500e+03
7.309400e+03
7.311300e+03
7.313300e+03
7.315200e+03
7.317100e+03
7.319100e+03
7.321000e+03
7.322900e+03
7.324900e+03
7.326800e+03
7.328700e+03
7.330700e+03
7.332600e+03
7.334500e+03
7.336500e+03
7.338400e+03
7.340300e+03
7.342300e+03
7.344200e+03
7.346100e+03
7.348100e+03
7.350000e+03
7.351900e+03
7.353900e+03
7.355800e+03
7.357800e+03
7.359700e+03
7.361600e+03
7.363600e+03
7.365500e+03
7.367400e+03
7.369400e+03
7.371300e+03
7.373300e+03
7.375200e+03
7.377100e+03
7.379100e+03
7.381000e+03
7.383000e+03
7.384900e+03
7.386800e+03
7.388800e+03
7.390700e+03
7.392700e+03
7.394600e+03
7.396500e+03
7.398500e+03
7.400400e+03
7.402400e+03
7.404300e+03
7.406300e+03
7.408200e+03
7.410200e+03
7.412100e+03
7.414000e+03
7.416000e+03
7.417900e+03
7.419900e+03
7.421800e+03
7.423800e+03
7.425700e+03
7.427700e+03
7.429600e+03
7.431500e+03
7.433500e+03
7.435400e+03
7.437400e+03
7.439300e+03
7.441300e+03
7.443200e+03
7.445200e+03
7.447100e+03
7.449100e+03
7.451000e+03
7.453000e+03
7.454900e+03
7.456900e+03
7.458800e+03
7.460800e+03
7.462700e+03
7.464700e+03
7.466600e+03
7.468600e+03
7.470500e+03
7.472500e+03
7.474400e+03
7.476400e+03
7.478300e+03
7.480300e+03
7.482300e+03
7.484200e+03
7.486200e+03
7.488100e+03
7.490100e+03
7.492000e+03
7.494000e+03
7.495900e+03
7.497900e+03
7.499800e+03
7.501800e+03
7.503800e+03
7.505700e+03
7.507700e+03
7.509600e+03
7.511600e+03
7.513500e+03
7.515500e+03
7.517500e+03
7.519400e+03
7.521400e+03
7.523300e+03
7.525300e+03
7.527200e+03
7.529200e+03
7.531200e+03
7.533100e+03
7.535100e+03
7.537000e+03
7.539000e+03
7.541000e+03
7.542900e+03
7.544900e+03
7.546900e+03
7.548800e+03
7.550800e+03
7.552700e+03
7.554700e+03
7.556700e+03
7.558600e+03
7.560600e+03
7.562600e+03
7.564500e+03
7.566500e+03
7.568400e+03
7.570400e+03
7.572400e+03
7.574300e+03
7.576300e+03
7.578300e+03
7.580200e+03
7.582200e+03
7.584200e+03
7.586100e+03
7.588100e+03
7.590100e+03
7.592000e+03
7.594000e+03
7.596000e+03
7.597900e+03
7.599900e+03
7.601900e+03
7.603900e+03
7.605800e+03
7.607800e+03
7.609800e+03
7.611700e+03
7.613700e+03
7.615700e+03
7.617600e+03
7.619600e+03
7.621600e+03
7.623600e+03
7.625500e+03
7.627500e+03
7.629500e+03
7.631400e+03
7.633400e+03
7.635400e+03
7.637400e+03
7.639300e+03
7.641300e+03
7.643300e+03
7.645300e+03
7.647200e+03
7.649200e+03
7.651200e+03
7.653200e+03
7.655100e+03
7.657100e+03
7.659100e+03
7.661100e+03
7.663000e+03
7.665000e+03
7.667000e+03
7.669000e+03
7.671000e+03
7.672900e+03
7.674900e+03
7.676900e+03
7.678900e+03
7.680800e+03
7.682800e+03
7.684800e+03
7.686800e+03
7.688800e+03
7.690700e+03
7.692700e+03
7.694700e+03
7.696700e+03
7.698700e+03
7.700700e+03
7.702600e+03
7.704600e+03
7.706600e+03
7.708600e+03
7.710600e+03
7.712500e+03
7.714500e+03
7.716500e+03
7.718500e+03
7.720500e+03
7.722500e+03
7.724500e+03
7.726400e+03
7.728400e+03
7.730400e+03
7.732400e+03
7.734400e+03
7.736400e+03
7.738400e+03
7.740300e+03
7.742300e+03
7.744300e+03
7.746300e+03
7.748300e+03
7.750300e+03
7.752300e+03
7.754300e+03
7.756200e+03
7.758200e+03
7.760200e+03
7.762200e+03
7.764200e+03
7.766200e+03
7.768200e+03
7.770200e+03
7.772200e+03
7.774200e+03
7.776100e+03
7.778100e+03
7.780100e+03
7.782100e+03
7.784100e+03
7.786100e+03
7.788100e+03
7.790100e+03
7.792100e+03
7.794100e+03
7.796100e+03
7.798100e+03
7.800100e+03
7.802100e+03
7.804100e+03
7.806000e+03
7.808000e+03
7.810000e+03
7.812000e+03
7.814000e+03
7.816000e+03
7.818000e+03
7.820000e+03
7.822000e+03
7.824000e+03
7.826000e+03
7.828000e+03
7.830000e+03
7.832000e+03
7.834000e+03
7.836000e+03
7.838000e+03
7.840000e+03
7.842000e+03
7.844000e+03
7.846000e+03
7.848000e+03
7.850000e+03
7.852000e+03
7.854000e+03
7.856000e+03
7.858000e+03
7.860000e+03
7.862000e+03
7.864000e+03
7.866000e+03
7.868000e+03
7.870000e+03
7.872000e+03
7.874000e+03
7.876000e+03
7.878000e+03
7.880100e+03
7.882100e+03
7.884100e+03
7.886100e+03
7.888100e+03
7.890100e+03
7.892100e+03
7.894100e+03
7.896100e+03
7.898100e+03
7.900100e+03
7.902100e+03
7.904100e+03
7.906100e+03
7.908100e+03
7.910200e+03
7.912200e+03
7.914200e+03
7.916200e+03
7.918200e+03
7.920200e+03
7.922200e+03
7.924200e+03
7.926200e+03
7.928200e+03
7.930200e+03
7.932300e+03
7.934300e+03
7.936300e+03
7.938300e+03
7.940300e+03
7.942300e+03
7.944300e+03
7.946300e+03
7.948400e+03
7.950400e+03
7.952400e+03
7.954400e+03
7.956400e+03
7.958400e+03
7.960400e+03
7.962500e+03
7.964500e+03
7.966500e+03
7.968500e+03
7.970500e+03
7.972500e+03
7.974600e+03
7.976600e+03
7.978600e+03
7.980600e+03
7.982600e+03
7.984600e+03
7.986700e+03
7.988700e+03
7.990700e+03
7.992700e+03
7.994700e+03
7.996800e+03
7.998800e+03
