0.000000e+00
3.000000e-02
6.000000e-02
9.000000e-02
1.200000e-01
1.500000e-01
1.800000e-01
2.100000e-01
2.400000e-01
2.700000e-01
3.000000e-01
3.300000e-01
3.600000e-01
3.900000e-01
4.200000e-01
4.500000e-01
4.800000e-01
5.100000e-01
5.400000e-01
5.700000e-01
6.000000e-01
6.300000e-01
6.600000e-01
6.900000e-01
7.200000e-01
7.500000e-01
7.800000e-01
8.100000e-01
8.400000e-01
8.700000e-01
9.000000e-01
9.300000e-01
9.600000e-01
9.900000e-01
1.020000e+00
1.050000e+00
1.080000e+00
1.110000e+00
1.140000e+00
1.170000e+00
1.200000e+00
1.230000e+00
1.260000e+00
1.290000e+00
1.320000e+00
1.350000e+00
1.380000e+00
1.410000e+00
1.440000e+00
1.470000e+00
1.500000e+00
1.530000e+00
1.560000e+00
1.590000e+00
1.620000e+00
1.650000e+00
1.680000e+00
1.710000e+00
1.740000e+00
1.770000e+00
1.800000e+00
1.830000e+00
1.860000e+00
1.890000e+00
1.920000e+00
1.950000e+00
1.980000e+00
2.010000e+00
2.040000e+00
2.070000e+00
2.100000e+00
2.130000e+00
2.160000e+00
2.190000e+00
2.220000e+00
2.250000e+00
2.280000e+00
2.310000e+00
2.340000e+00
2.370000e+00
2.400000e+00
2.430000e+00
2.460000e+00
2.490000e+00
2.520000e+00
2.550000e+00
2.580000e+00
2.610000e+00
2.640000e+00
2.670000e+00
2.700000e+00
2.730000e+00
2.760000e+00
2.790000e+00
2.820000e+00
2.850000e+00
2.880000e+00
2.910000e+00
2.940000e+00
2.970000e+00
3.000000e+00
3.030000e+00
3.060000e+00
3.090000e+00
3.120000e+00
3.150000e+00
3.180000e+00
3.210000e+00
3.240000e+00
3.270000e+00
3.300000e+00
3.330000e+00
3.360000e+00
3.390000e+00
3.420000e+00
3.450000e+00
3.480000e+00
3.510000e+00
3.540000e+00
3.570000e+00
3.600000e+00
3.630000e+00
3.660000e+00
3.690000e+00
3.720000e+00
3.750000e+00
3.780000e+00
3.810000e+00
3.840000e+00
3.870000e+00
3.900000e+00
3.930000e+00
3.960000e+00
3.990000e+00
4.020000e+00
4.050000e+00
4.080000e+00
4.110000e+00
4.140000e+00
4.170000e+00
4.200000e+00
4.230000e+00
4.260000e+00
4.290000e+00
4.320000e+00
4.350000e+00
4.380000e+00
4.410000e+00
4.440000e+00
4.470000e+00
4.500000e+00
4.530000e+00
4.560000e+00
4.590000e+00
4.620000e+00
4.650000e+00
4.680000e+00
4.710000e+00
4.740000e+00
4.770000e+00
4.800000e+00
4.830000e+00
4.860000e+00
4.890000e+00
4.920000e+00
4.950000e+00
4.980000e+00
5.010000e+00
5.040000e+00
5.070000e+00
5.100000e+00
5.130000e+00
5.160000e+00
5.190000e+00
5.220000e+00
5.250000e+00
5.280000e+00
5.310000e+00
5.340000e+00
5.370000e+00
5.400000e+00
5.430000e+00
5.460000e+00
5.490000e+00
5.520000e+00
5.550000e+00
5.580000e+00
5.610000e+00
5.640000e+00
5.670000e+00
5.700000e+00
5.730000e+00
5.760000e+00
5.790000e+00
5.820000e+00
5.850000e+00
5.880000e+00
5.910000e+00
5.940000e+00
5.970000e+00
6.000000e+00
6.030000e+00
6.060000e+00
6.090000e+00
6.120000e+00
6.150000e+00
6.180000e+00
6.210000e+00
6.240000e+00
6.270000e+00
6.300000e+00
6.330000e+00
6.360000e+00
6.390000e+00
6.420000e+00
6.450000e+00
6.480000e+00
6.510000e+00
6.540000e+00
6.570000e+00
6.600000e+00
6.630000e+00
6.660000e+00
6.690000e+00
6.720000e+00
6.750000e+00
6.780000e+00
6.810000e+00
6.840000e+00
6.870000e+00
6.900000e+00
6.930000e+00
6.960000e+00
6.990000e+00
7.020000e+00
7.050000e+00
7.080000e+00
7.110000e+00
7.140000e+00
7.170000e+00
7.200000e+00
7.230000e+00
7.260000e+00
7.290000e+00
7.320000e+00
7.350000e+00
7.380000e+00
7.410000e+00
7.440000e+00
7.470000e+00
7.500000e+00
7.530000e+00
7.560000e+00
7.590000e+00
7.620000e+00
7.650000e+00
7.680000e+00
7.710000e+00
7.740000e+00
7.770000e+00
7.800000e+00
7.830000e+00
7.860000e+00
7.890000e+00
7.920000e+00
7.950000e+00
7.980000e+00
8.010000e+00
8.040000e+00
8.070000e+00
8.100000e+00
8.130000e+00
8.160000e+00
8.190000e+00
8.220000e+00
8.250000e+00
8.280000e+00
8.310000e+00
8.340000e+00
8.370000e+00
8.400000e+00
8.430000e+00
8.460000e+00
8.490000e+00
8.520000e+00
8.550000e+00
8.580000e+00
8.610000e+00
8.640000e+00
8.670000e+00
8.700000e+00
8.730000e+00
8.760000e+00
8.790000e+00
8.820000e+00
8.850000e+00
8.880000e+00
8.910000e+00
8.940000e+00
8.970000e+00
9.000000e+00
